1.0, 59.153221380000005
2.0, 141.61328586000002
4.0, 150.99717151
8.0, 156.65041888
16.0, 156.57301809999998
32.0, 151.44559764
64.0, 151.04457725
128.0, 138.47269024000002
256.0, 133.49325052
512.0, 94.70131487
1024.0, 72.33632927
2048.0, 57.69367687
4096.0, 37.96414822
8192.0, 23.24380355
16384.0, 13.1513245
32768.0, 1.73130601
65536.0, 0.87671926
131072.0, 0.44459453000000004
262144.0, 0.22533539000000002
524288.0, 0.11168247
1048576.0, 0.02692024
2097152.0, 0.01748759
4194304.0, 0.008582959999999999
8388608.0, 0.0037103400000000003
