1.0, 59.11306278
2.0, 144.57918372999998
4.0, 151.14265874
8.0, 156.98856522
16.0, 155.54746105
32.0, 153.46801975
64.0, 154.73289334999998
128.0, 141.25603956999998
256.0, 137.78997612
512.0, 95.00214408
1024.0, 72.72215067
2048.0, 57.121233659999994
4096.0, 36.9043477
8192.0, 23.24946078
16384.0, 12.658838730000001
32768.0, 1.81024175
65536.0, 0.8903465300000001
131072.0, 0.45142568
262144.0, 0.22671032000000002
524288.0, 0.11168644
1048576.0, 0.0279201
2097152.0, 0.01793719
4194304.0, 0.00855168
8388608.0, 0.0036656799999999997
