1.0, 59.269686469999996
2.0, 170.28296184
4.0, 170.81060741
8.0, 177.27649164
16.0, 175.91358127
32.0, 171.14176333
64.0, 171.36767313
128.0, 158.54494563
256.0, 150.52094271
512.0, 113.59501626000001
1024.0, 77.09830796
2048.0, 59.78525791
4096.0, 38.76250728
8192.0, 22.535496769999998
16384.0, 13.729633539999998
32768.0, 1.74885225
65536.0, 0.8818529
131072.0, 0.44507617
262144.0, 0.22399732
524288.0, 0.11069
1048576.0, 0.02634545
2097152.0, 0.017948369999999998
4194304.0, 0.00859774
8388608.0, 0.00379608
